image_width: 640
image_height: 480

l:
  k_mtx: [271.2485984244301, 0.0, 327.88972747466295, 0.0, 363.24615566860643, 239.26056901386403, 0.0, 0.0, 1.0] # STANDARD PINHOLE MTX 
  d_mtx: [-0.26279676216324416, 0.04635869168777901, -0.0011028748784184892, 0.0003296303914997659, 0.0]       # PLUMB BOB DISTORTION FORMAT

r:
  k_mtx: [271.48295721037096, 0.0, 308.54701725009835, 0.0, 362.45297921481364, 253.51426827269844, 0.0, 0.0, 1.0] # STANDARD PINHOLE MTX 
  d_mtx: [-0.2736602171366238, 0.050785299924201444, -0.001016715468984462, 0.0009455340777679297, 0.0]       # PLUMB BOB DISTORTION FORMAT

f:
  k_mtx: [396.68551827588993, 0.0, 321.57841365040963, 0.0, 528.8707523448642, 256.6759935058103, 0.0, 0.0, 1.0] # STANDARD PINHOLE MTX 
  d_mtx: [-0.33854682749304266, 0.11139426325739511, -0.0006659951912736566, -0.00018645793924441345, 0.0]       # PLUMB BOB DISTORTION FORMAT

b:
  k_mtx: [500.008567, 0, 358.235817, 0, 448.263812, 232.472704, 0, 0, 1]
  d_mtx: [-0.412799, 0.140937, 0.002734, 0.000787, 0]
