image_width: 1280
image_height: 720

l: #APTINA
  k_mtx: [569.6706859529879, 0.0, 684.3311007407318, 0.0, 574.9826863572729, 353.3650115867173, 0.0, 0.0, 1.0] # STANDARD PINHOLE MTX 
  d_mtx: [-0.24309137907292566, 0.03872117338542375, -0.004092556296738763, -0.003932658768598947, 0.0]       # PLUMB BOB DISTORTION FORMAT

r: #APTINA
  k_mtx: [569.6706859529879, 0.0, 684.3311007407318, 0.0, 574.9826863572729, 353.3650115867173, 0.0, 0.0, 1.0] # STANDARD PINHOLE MTX 
  d_mtx: [-0.24309137907292566, 0.03872117338542375, -0.004092556296738763, -0.003932658768598947, 0.0]       # PLUMB BOB DISTORTION FORMAT

f: #APTINA DAMAGED
  k_mtx: [507.79408602009346, 0.0, 348.23722314529766, 0.0, 455.41759159299215, 244.01887134911814, 0.0, 0.0, 1.0]
  d_mtx: [-0.41238242266581343, 0.13669285022002284, -0.0005603098115114344, 0.0033249360427028314, 0.0]

b: #SONY
  k_mtx: [507.79408602009346, 0.0, 348.23722314529766, 0.0, 455.41759159299215, 244.01887134911814, 0.0, 0.0, 1.0]
  d_mtx: [-0.41238242266581343, 0.13669285022002284, -0.0005603098115114344, 0.0033249360427028314, 0.0]
