image_width: 400
image_height: 150

left:
  k_mtx: [200, 0, 200, 0, 200, 75, 0, 0, 1] # STANDARD PINHOLE MTX 
  d_mtx: [-0.2464925560924623, 0.037177824983501605, -0.0067965089567932095, 0.0013514049197994476, 0.0]       # PLUMB BOB DISTORTION FORMAT
  
right:
  k_mtx: [200, 0, 200, 0, 200, 75, 0, 0, 1] # STANDARD PINHOLE MTX 
  d_mtx: [-0.2464925560924623, 0.037177824983501605, -0.0067965089567932095, 0.0013514049197994476, 0.0]       # PLUMB BOB DISTORTION FORMAT
  
front:
  k_mtx: [200, 0, 200, 0, 200, 75, 0, 0, 1] # STANDARD PINHOLE MTX 
  d_mtx: [-0.2464925560924623, 0.037177824983501605, -0.0067965089567932095, 0.0013514049197994476, 0.0]       # PLUMB BOB DISTORTION FORMAT

back:
  k_mtx: [200, 0, 200, 0, 200, 75, 0, 0, 1]
  d_mtx: [-0.412799, 0.140937, 0.002734, 0.000787, 0]
